Ordem: 3
 2.500000e+01  5.000000e+00  1.000000e+00 
 6.400000e+01  8.000000e+00  1.000000e+00 
 1.440000e+02  1.200000e+01  1.000000e+00 
#
 4.761905e-02 -8.333333e-02  3.571429e-02 
-9.523810e-01  1.416667e+00 -4.642857e-01 
 4.571429e+00 -5.000000e+00  1.428571e+00 
###############
# Tempo Triangularização: 0.0009765625000000 ms
# Tempo de cálculo do x : 0.0000000000000000 ms
# Tempo de cálculo do y : 0.0003255208333333 ms
# Valores das 3 normas L2 dos resíduos:
8.8817841970e-16 2.6645352591e-15 2.2204460493e-16 

Ordem: 3
 3.000000e+00  5.000000e+00  2.000000e+00 
 0.000000e+00  0.000000e+00  0.000000e+00 
 2.000000e+00  4.000000e+00  1.000000e+00 
#
Ordem: 3
 0.000000e+00  1.000000e+00  1.000000e+00 
 1.000000e+00  1.000000e+00  1.000000e+00 
 1.000000e+00  1.000000e+00  0.000000e+00 
#
-1.000000e+00  1.000000e+00  0.000000e+00 
 1.000000e+00 -1.000000e+00  1.000000e+00 
-0.000000e+00  1.000000e+00 -1.000000e+00 
###############
# Tempo Triangularização: 0.0009765625000000 ms
# Tempo de cálculo do x : 0.0000000000000000 ms
# Tempo de cálculo do y : 0.0006510416666667 ms
# Valores das 3 normas L2 dos resíduos:
0.0000000000e+00 0.0000000000e+00 0.0000000000e+00 

Ordem: 4
 4.000000e+00 -1.000000e+00  0.000000e+00 -1.000000e+00 
-1.000000e+00  4.000000e+00 -1.000000e+00  0.000000e+00 
 0.000000e+00 -1.000000e+00  4.000000e+00 -1.000000e+00 
-1.000000e+00  0.000000e+00 -1.000000e+00  4.000000e+00 
#
 2.916667e-01  8.333333e-02  4.166667e-02  8.333333e-02 
 8.333333e-02  2.916667e-01  8.333333e-02  4.166667e-02 
 4.166667e-02  8.333333e-02  2.916667e-01  8.333333e-02 
 8.333333e-02  4.166667e-02  8.333333e-02  2.916667e-01 
###############
# Tempo Triangularização: 0.0000000000000000 ms
# Tempo de cálculo do x : 0.0000000000000000 ms
# Tempo de cálculo do y : 0.0007324218750000 ms
# Valores das 4 normas L2 dos resíduos:
1.1295700900e-16 2.2740100925e-16 1.2490009027e-16 1.1102230246e-16 

Ordem: 4
 3.101530e+01  2.386690e+01  1.772600e+01  4.433900e+00 
 8.730500e+00  2.791410e+01  2.688690e+01  1.669400e+00 
 2.263070e+01  6.464600e+00  2.646020e+01  2.128940e+01 
 2.431400e+00  1.781530e+01  1.947620e+01  2.624570e+01 
#
 3.231146e-02 -2.224949e-02  9.774726e-03 -1.197227e-02 
 2.888786e-02  1.850487e-03 -4.356421e-02  3.033948e-02 
-4.096765e-02  4.449652e-02  4.222005e-02 -3.015639e-02 
 7.798849e-03 -3.221452e-02 -2.664931e-03  4.099469e-02 
###############
# Tempo Triangularização: 0.0000000000000000 ms
# Tempo de cálculo do x : 0.0000000000000000 ms
# Tempo de cálculo do y : 0.0007324218750000 ms
# Valores das 4 normas L2 dos resíduos:
3.4022257262e-16 2.5438405243e-16 3.7825425619e-16 1.5700924587e-16 

Ordem: 4
 4.000000e+00 -1.000000e+00  0.000000e+00 -1.000000e+00 
-1.000000e+00  4.000000e+00 -1.000000e+00  0.000000e+00 
 0.000000e+00 -1.000000e+00  4.000000e+00 -1.000000e+00 
-1.000000e+00  0.000000e+00 -1.000000e+00  4.000000e+00 
#
 2.916667e-01  8.333333e-02  4.166667e-02  8.333333e-02 
 8.333333e-02  2.916667e-01  8.333333e-02  4.166667e-02 
 4.166667e-02  8.333333e-02  2.916667e-01  8.333333e-02 
 8.333333e-02  4.166667e-02  8.333333e-02  2.916667e-01 
###############
# Tempo Triangularização: 0.0000000000000000 ms
# Tempo de cálculo do x : 0.0002441406250000 ms
# Tempo de cálculo do y : 0.0007324218750000 ms
# Valores das 4 normas L2 dos resíduos:
1.1295700900e-16 2.2740100925e-16 1.2490009027e-16 1.1102230246e-16 

Ordem: 4
 1.000000e+00  5.000000e-01 -1.000000e-01  1.000000e-01 
 2.000000e-01  1.000000e+00 -2.000000e-01 -1.000000e-01 
-1.000000e-01 -7.000000e-01  1.000000e+00  2.000000e-01 
 1.000000e-01  3.000000e-01  2.000000e-01  1.000000e+00 
#
 1.116352e+00 -4.716981e-01  5.110063e-02 -1.690252e-01 
-2.358491e-01  1.226415e+00  2.004717e-01  1.061321e-01 
-4.716981e-02  9.119497e-01  1.206761e+00 -1.454403e-01 
-3.144654e-02 -5.031447e-01 -3.066038e-01  1.014151e+00 
###############
# Tempo Triangularização: 0.0000000000000000 ms
# Tempo de cálculo do x : 0.0002441406250000 ms
# Tempo de cálculo do y : 0.0007324218750000 ms
# Valores das 4 normas L2 dos resíduos:
3.4048781895e-17 2.6331251014e-16 6.9388939039e-17 1.1527756337e-16 

Ordem: 3
 2.000000e+00  1.000000e+00  3.000000e+00 
 0.000000e+00 -1.000000e+00  1.000000e+00 
 1.000000e+00  0.000000e+00  3.000000e+00 
#
 1.500000e+00  1.500000e+00 -2.000000e+00 
-5.000000e-01 -1.500000e+00  1.000000e+00 
-5.000000e-01 -5.000000e-01  1.000000e+00 
###############
# Tempo Triangularização: 0.0000000000000000 ms
# Tempo de cálculo do x : 0.0007324218750000 ms
# Tempo de cálculo do y : 0.0009765625000000 ms
# Valores das 3 normas L2 dos resíduos:
0.0000000000e+00 0.0000000000e+00 0.0000000000e+00 

Ordem: 3
 1.000000e+00  0.000000e+00  3.000000e+00 
 0.000000e+00 -1.000000e+00  1.000000e+00 
 2.000000e+00  1.000000e+00  3.000000e+00 
#
-2.000000e+00  1.500000e+00  1.500000e+00 
 1.000000e+00 -1.500000e+00 -5.000000e-01 
 1.000000e+00 -5.000000e-01 -5.000000e-01 
###############
# Tempo Triangularização: 0.0009765625000000 ms
# Tempo de cálculo do x : 0.0007324218750000 ms
# Tempo de cálculo do y : 0.0009765625000000 ms
# Valores das 3 normas L2 dos resíduos:
0.0000000000e+00 0.0000000000e+00 0.0000000000e+00 

Ordem: 4
 2.000000e+00 -1.000000e+00  3.000000e+00  5.000000e+00 
 4.000000e+00 -1.000000e+00  1.000000e+01  8.000000e+00 
 6.000000e+00 -3.000000e+00  1.200000e+01  1.100000e+01 
 0.000000e+00 -2.000000e+00 -5.000000e+00  1.000000e+01 
#
 3.616667e+00 -7.333333e-01 -5.500000e-01 -6.166667e-01 
 2.333333e+00  3.333333e-01 -1.000000e+00 -3.333333e-01 
-1.133333e+00  2.666667e-01  2.000000e-01  1.333333e-01 
-1.000000e-01  2.000000e-01 -1.000000e-01  1.000000e-01 
###############
# Tempo Triangularização: 0.0000000000000000 ms
# Tempo de cálculo do x : 0.0005493164062500 ms
# Tempo de cálculo do y : 0.0007324218750000 ms
# Valores das 4 normas L2 dos resíduos:
4.0761971022e-15 4.9650683065e-16 7.0216669372e-16 7.0216669372e-16 

Ordem: 17
-3.000000e+00  0.000000e+00  0.000000e+00  1.000000e+00  3.000000e+00  0.000000e+00  0.000000e+00  0.000000e+00  0.000000e+00  0.000000e+00  0.000000e+00  0.000000e+00  0.000000e+00  0.000000e+00  0.000000e+00  0.000000e+00  0.000000e+00 
-3.000000e+00  0.000000e+00 -1.000000e+00  0.000000e+00 -3.000000e+00  0.000000e+00  0.000000e+00  0.000000e+00  0.000000e+00  0.000000e+00  0.000000e+00  0.000000e+00  0.000000e+00  0.000000e+00  0.000000e+00  0.000000e+00  0.000000e+00 
 0.000000e+00 -1.000000e+00  0.000000e+00  0.000000e+00  0.000000e+00  1.000000e+00  0.000000e+00  0.000000e+00  0.000000e+00  0.000000e+00  0.000000e+00  0.000000e+00  0.000000e+00  0.000000e+00  0.000000e+00  0.000000e+00  0.000000e+00 
 0.000000e+00  0.000000e+00  1.000000e+00  0.000000e+00  0.000000e+00  0.000000e+00  0.000000e+00  0.000000e+00  0.000000e+00  0.000000e+00  0.000000e+00  0.000000e+00  0.000000e+00  0.000000e+00  0.000000e+00  0.000000e+00  0.000000e+00 
 0.000000e+00  0.000000e+00  0.000000e+00 -1.000000e+00  0.000000e+00  0.000000e+00  0.000000e+00  1.000000e+00  0.000000e+00  0.000000e+00  0.000000e+00  0.000000e+00  0.000000e+00  0.000000e+00  0.000000e+00  0.000000e+00  0.000000e+00 
 0.000000e+00  0.000000e+00  0.000000e+00  0.000000e+00  0.000000e+00  0.000000e+00 -1.000000e+00  0.000000e+00  0.000000e+00  0.000000e+00  0.000000e+00  0.000000e+00  0.000000e+00  0.000000e+00  0.000000e+00  0.000000e+00  0.000000e+00 
 0.000000e+00  0.000000e+00  0.000000e+00  0.000000e+00 -3.000000e+00 -1.000000e+00  0.000000e+00  0.000000e+00  3.000000e+00  1.000000e+00  0.000000e+00  0.000000e+00  0.000000e+00  0.000000e+00  0.000000e+00  0.000000e+00  0.000000e+00 
 0.000000e+00  0.000000e+00  0.000000e+00  0.000000e+00  3.000000e+00  0.000000e+00  1.000000e+00  0.000000e+00  3.000000e+00  0.000000e+00  0.000000e+00  0.000000e+00  0.000000e+00  0.000000e+00  0.000000e+00  0.000000e+00  0.000000e+00 
 0.000000e+00  0.000000e+00  0.000000e+00  0.000000e+00  0.000000e+00  0.000000e+00  0.000000e+00 -1.000000e+00 -3.000000e+00  0.000000e+00  0.000000e+00  1.000000e+00  3.000000e+00  0.000000e+00  0.000000e+00  0.000000e+00  0.000000e+00 
 0.000000e+00  0.000000e+00  0.000000e+00  0.000000e+00  0.000000e+00  0.000000e+00  0.000000e+00  0.000000e+00 -3.000000e+00  0.000000e+00 -1.000000e+00  0.000000e+00 -3.000000e+00  0.000000e+00  0.000000e+00  0.000000e+00  0.000000e+00 
 0.000000e+00  0.000000e+00  0.000000e+00  0.000000e+00  0.000000e+00  0.000000e+00  0.000000e+00  0.000000e+00  0.000000e+00 -1.000000e+00  0.000000e+00  0.000000e+00  0.000000e+00  1.000000e+00  0.000000e+00  0.000000e+00  0.000000e+00 
 0.000000e+00  0.000000e+00  0.000000e+00  0.000000e+00  0.000000e+00  0.000000e+00  0.000000e+00  0.000000e+00  0.000000e+00  0.000000e+00  1.000000e+00  0.000000e+00  0.000000e+00  0.000000e+00  0.000000e+00  0.000000e+00  0.000000e+00 
 0.000000e+00  0.000000e+00  0.000000e+00  0.000000e+00  0.000000e+00  0.000000e+00  0.000000e+00  0.000000e+00  0.000000e+00  0.000000e+00  0.000000e+00 -1.000000e+00  0.000000e+00  0.000000e+00  0.000000e+00  0.000000e+00  0.000000e+00 
 0.000000e+00  0.000000e+00  0.000000e+00  0.000000e+00  0.000000e+00  0.000000e+00  0.000000e+00  0.000000e+00  0.000000e+00  0.000000e+00  0.000000e+00  0.000000e+00  0.000000e+00  0.000000e+00 -1.000000e+00 -3.000000e+00  0.000000e+00 
 0.000000e+00  0.000000e+00  0.000000e+00  0.000000e+00  0.000000e+00  0.000000e+00  0.000000e+00  0.000000e+00  0.000000e+00  0.000000e+00  0.000000e+00  0.000000e+00 -3.000000e+00 -1.000000e+00  0.000000e+00  0.000000e+00  1.000000e+00 
 0.000000e+00  0.000000e+00  0.000000e+00  0.000000e+00  0.000000e+00  0.000000e+00  0.000000e+00  0.000000e+00  0.000000e+00  0.000000e+00  0.000000e+00  0.000000e+00  3.000000e+00  0.000000e+00  1.000000e+00  0.000000e+00  0.000000e+00 
 0.000000e+00  0.000000e+00  0.000000e+00  0.000000e+00  0.000000e+00  0.000000e+00  0.000000e+00  0.000000e+00  0.000000e+00  0.000000e+00  0.000000e+00  0.000000e+00  0.000000e+00  0.000000e+00  0.000000e+00 -3.000000e+00 -1.000000e+00 
#
-nan -nan -nan -nan -nan -nan -nan -nan -nan -nan -nan -nan -nan -nan -nan -nan -nan 
-nan -nan -nan -nan -nan -nan -nan -nan -nan -nan -nan -nan -nan -nan -nan -nan -nan 
-nan -nan -nan -nan -nan -nan -nan -nan -nan -nan -nan -nan -nan -nan -nan -nan -nan 
-nan -nan -nan -nan -nan -nan -nan -nan -nan -nan -nan -nan -nan -nan -nan -nan -nan 
-nan -nan -nan -nan -nan -nan -nan -nan -nan -nan -nan -nan -nan -nan -nan -nan -nan 
-nan -nan -nan -nan -nan -nan -nan -nan -nan -nan -nan -nan -nan -nan -nan -nan -nan 
-nan -nan -nan -nan -nan -nan -nan -nan -nan -nan -nan -nan -nan -nan -nan -nan -nan 
-nan -nan -nan -nan -nan -nan -nan -nan -nan -nan -nan -nan -nan -nan -nan -nan -nan 
-nan -nan -nan -nan -nan -nan -nan -nan -nan -nan -nan -nan -nan -nan -nan -nan -nan 
-nan -nan -nan -nan -nan -nan -nan -nan -nan -nan -nan -nan -nan -nan -nan -nan -nan 
-nan -nan -nan -nan -nan -nan -nan -nan -nan -nan -nan -nan -nan -nan -nan -nan -nan 
-nan -nan -nan -nan -nan -nan -nan -nan -nan -nan -nan -nan -nan -nan -nan -nan -nan 
-nan -nan -nan -nan -nan -nan -nan -nan -nan -nan -nan -nan -nan -nan -nan -nan -nan 
-nan -nan -nan -nan -nan -nan -nan -nan -nan -nan -nan -nan -nan -nan -nan -nan -nan 
-nan -nan -nan -nan -nan -nan -nan -nan -nan -nan -nan -nan -nan -nan -nan -nan -nan 
-nan -nan -nan -nan -nan -nan -nan -nan -nan -nan -nan -nan -nan -nan -nan -nan -nan 
-nan -nan -nan -nan -nan -nan -nan -nan -nan -nan -nan -nan -nan -nan -nan -nan -nan 
###############
# Tempo Triangularização: 0.0080566406250000 ms
# Tempo de cálculo do x : 0.0010196461397059 ms
# Tempo de cálculo do y : 0.0008185891544118 ms
# Valores das 17 normas L2 dos resíduos:
nan nan nan nan nan nan nan nan nan nan nan nan nan nan nan nan nan 

Ordem: 17
-3.000000e+00  0.000000e+00  0.000000e+00  1.000000e+00  3.000000e+00  0.000000e+00  0.000000e+00  0.000000e+00  0.000000e+00  0.000000e+00  0.000000e+00  0.000000e+00  0.000000e+00  0.000000e+00  0.000000e+00  0.000000e+00  0.000000e+00 
 0.000000e+00 -1.000000e+00  0.000000e+00  0.000000e+00  0.000000e+00  1.000000e+00  0.000000e+00  0.000000e+00  0.000000e+00  0.000000e+00  0.000000e+00  0.000000e+00  0.000000e+00  0.000000e+00  0.000000e+00  0.000000e+00  0.000000e+00 
 0.000000e+00  0.000000e+00  1.000000e+00  0.000000e+00  0.000000e+00  0.000000e+00  0.000000e+00  0.000000e+00  0.000000e+00  0.000000e+00  0.000000e+00  0.000000e+00  0.000000e+00  0.000000e+00  0.000000e+00  0.000000e+00  0.000000e+00 
 0.000000e+00  0.000000e+00  0.000000e+00 -1.000000e+00  0.000000e+00  0.000000e+00  0.000000e+00  1.000000e+00  0.000000e+00  0.000000e+00  0.000000e+00  0.000000e+00  0.000000e+00  0.000000e+00  0.000000e+00  0.000000e+00  0.000000e+00 
-3.000000e+00  0.000000e+00 -1.000000e+00  0.000000e+00 -3.000000e+00  0.000000e+00  0.000000e+00  0.000000e+00  0.000000e+00  0.000000e+00  0.000000e+00  0.000000e+00  0.000000e+00  0.000000e+00  0.000000e+00  0.000000e+00  0.000000e+00 
 0.000000e+00  0.000000e+00  0.000000e+00  0.000000e+00 -3.000000e+00 -1.000000e+00  0.000000e+00  0.000000e+00  3.000000e+00  1.000000e+00  0.000000e+00  0.000000e+00  0.000000e+00  0.000000e+00  0.000000e+00  0.000000e+00  0.000000e+00 
 0.000000e+00  0.000000e+00  0.000000e+00  0.000000e+00  0.000000e+00  0.000000e+00 -1.000000e+00  0.000000e+00  0.000000e+00  0.000000e+00  0.000000e+00  0.000000e+00  0.000000e+00  0.000000e+00  0.000000e+00  0.000000e+00  0.000000e+00 
 0.000000e+00  0.000000e+00  0.000000e+00  0.000000e+00  0.000000e+00  0.000000e+00  0.000000e+00 -1.000000e+00 -3.000000e+00  0.000000e+00  0.000000e+00  1.000000e+00  3.000000e+00  0.000000e+00  0.000000e+00  0.000000e+00  0.000000e+00 
 0.000000e+00  0.000000e+00  0.000000e+00  0.000000e+00  3.000000e+00  0.000000e+00  1.000000e+00  0.000000e+00  3.000000e+00  0.000000e+00  0.000000e+00  0.000000e+00  0.000000e+00  0.000000e+00  0.000000e+00  0.000000e+00  0.000000e+00 
 0.000000e+00  0.000000e+00  0.000000e+00  0.000000e+00  0.000000e+00  0.000000e+00  0.000000e+00  0.000000e+00  0.000000e+00 -1.000000e+00  0.000000e+00  0.000000e+00  0.000000e+00  1.000000e+00  0.000000e+00  0.000000e+00  0.000000e+00 
 0.000000e+00  0.000000e+00  0.000000e+00  0.000000e+00  0.000000e+00  0.000000e+00  0.000000e+00  0.000000e+00  0.000000e+00  0.000000e+00  1.000000e+00  0.000000e+00  0.000000e+00  0.000000e+00  0.000000e+00  0.000000e+00  0.000000e+00 
 0.000000e+00  0.000000e+00  0.000000e+00  0.000000e+00  0.000000e+00  0.000000e+00  0.000000e+00  0.000000e+00  0.000000e+00  0.000000e+00  0.000000e+00 -1.000000e+00  0.000000e+00  0.000000e+00  0.000000e+00  0.000000e+00  0.000000e+00 
 0.000000e+00  0.000000e+00  0.000000e+00  0.000000e+00  0.000000e+00  0.000000e+00  0.000000e+00  0.000000e+00 -3.000000e+00  0.000000e+00 -1.000000e+00  0.000000e+00 -3.000000e+00  0.000000e+00  0.000000e+00  0.000000e+00  0.000000e+00 
 0.000000e+00  0.000000e+00  0.000000e+00  0.000000e+00  0.000000e+00  0.000000e+00  0.000000e+00  0.000000e+00  0.000000e+00  0.000000e+00  0.000000e+00  0.000000e+00 -3.000000e+00 -1.000000e+00  0.000000e+00  0.000000e+00  1.000000e+00 
 0.000000e+00  0.000000e+00  0.000000e+00  0.000000e+00  0.000000e+00  0.000000e+00  0.000000e+00  0.000000e+00  0.000000e+00  0.000000e+00  0.000000e+00  0.000000e+00  3.000000e+00  0.000000e+00  1.000000e+00  0.000000e+00  0.000000e+00 
 0.000000e+00  0.000000e+00  0.000000e+00  0.000000e+00  0.000000e+00  0.000000e+00  0.000000e+00  0.000000e+00  0.000000e+00  0.000000e+00  0.000000e+00  0.000000e+00  0.000000e+00  0.000000e+00 -1.000000e+00 -3.000000e+00  0.000000e+00 
 0.000000e+00  0.000000e+00  0.000000e+00  0.000000e+00  0.000000e+00  0.000000e+00  0.000000e+00  0.000000e+00  0.000000e+00  0.000000e+00  0.000000e+00  0.000000e+00  0.000000e+00  0.000000e+00  0.000000e+00 -3.000000e+00 -1.000000e+00 
#
-8.333333e-02 -0.000000e+00 -2.500000e-01 -8.333333e-02 -2.500000e-01 -0.000000e+00 -1.666667e-01 -8.333333e-02 -1.666667e-01 -0.000000e+00 -8.333333e-02 -8.333333e-02 -8.333333e-02 -0.000000e+00 -0.000000e+00 -0.000000e+00 -0.000000e+00 
-1.000000e+00 -1.000000e+00  1.000000e+00 -1.000000e+00  1.000000e+00 -1.000000e+00  1.000000e+00 -1.000000e+00  1.000000e+00 -1.000000e+00  1.000000e+00 -1.000000e+00  1.000000e+00 -1.000000e+00  1.000000e+00  1.000000e+00 -1.000000e+00 
 0.000000e+00  0.000000e+00  1.000000e+00  0.000000e+00  0.000000e+00  0.000000e+00  0.000000e+00  0.000000e+00  0.000000e+00  0.000000e+00  0.000000e+00  0.000000e+00  0.000000e+00  0.000000e+00  0.000000e+00  0.000000e+00  0.000000e+00 
 5.000000e-01 -0.000000e+00 -5.000000e-01 -5.000000e-01 -5.000000e-01 -0.000000e+00 -1.000000e+00 -5.000000e-01 -1.000000e+00 -0.000000e+00 -5.000000e-01 -5.000000e-01 -5.000000e-01 -0.000000e+00 -0.000000e+00 -0.000000e+00 -0.000000e+00 
 8.333333e-02  0.000000e+00 -8.333333e-02  8.333333e-02 -8.333333e-02  0.000000e+00  1.666667e-01  8.333333e-02  1.666667e-01  0.000000e+00  8.333333e-02  8.333333e-02  8.333333e-02  0.000000e+00  0.000000e+00  0.000000e+00  0.000000e+00 
-1.000000e+00 -0.000000e+00  1.000000e+00 -1.000000e+00  1.000000e+00 -1.000000e+00  1.000000e+00 -1.000000e+00  1.000000e+00 -1.000000e+00  1.000000e+00 -1.000000e+00  1.000000e+00 -1.000000e+00  1.000000e+00  1.000000e+00 -1.000000e+00 
 0.000000e+00  0.000000e+00  0.000000e+00  0.000000e+00  0.000000e+00  0.000000e+00 -1.000000e+00  0.000000e+00  0.000000e+00  0.000000e+00  0.000000e+00  0.000000e+00  0.000000e+00  0.000000e+00  0.000000e+00  0.000000e+00  0.000000e+00 
 5.000000e-01 -0.000000e+00 -5.000000e-01  5.000000e-01 -5.000000e-01 -0.000000e+00 -1.000000e+00 -5.000000e-01 -1.000000e+00 -0.000000e+00 -5.000000e-01 -5.000000e-01 -5.000000e-01 -0.000000e+00 -0.000000e+00 -0.000000e+00 -0.000000e+00 
-8.333333e-02  0.000000e+00  8.333333e-02 -8.333333e-02  8.333333e-02  0.000000e+00  1.666667e-01 -8.333333e-02  1.666667e-01  0.000000e+00 -8.333333e-02 -8.333333e-02 -8.333333e-02  0.000000e+00  0.000000e+00  0.000000e+00  0.000000e+00 
-5.000000e-01 -0.000000e+00  5.000000e-01 -5.000000e-01  5.000000e-01 -0.000000e+00  1.000000e+00 -5.000000e-01  1.000000e+00 -1.000000e+00  1.500000e+00 -5.000000e-01  1.500000e+00 -1.000000e+00  1.000000e+00  1.000000e+00 -1.000000e+00 
 0.000000e+00  0.000000e+00  0.000000e+00  0.000000e+00  0.000000e+00  0.000000e+00  0.000000e+00  0.000000e+00  0.000000e+00  0.000000e+00  1.000000e+00  0.000000e+00  0.000000e+00  0.000000e+00  0.000000e+00  0.000000e+00  0.000000e+00 
-0.000000e+00 -0.000000e+00 -0.000000e+00 -0.000000e+00 -0.000000e+00 -0.000000e+00 -0.000000e+00 -0.000000e+00 -0.000000e+00 -0.000000e+00 -0.000000e+00 -1.000000e+00 -0.000000e+00 -0.000000e+00 -0.000000e+00 -0.000000e+00 -0.000000e+00 
 8.333333e-02  0.000000e+00 -8.333333e-02  8.333333e-02 -8.333333e-02  0.000000e+00 -1.666667e-01  8.333333e-02 -1.666667e-01  0.000000e+00 -2.500000e-01  8.333333e-02 -2.500000e-01  0.000000e+00  0.000000e+00  0.000000e+00  0.000000e+00 
-5.000000e-01 -0.000000e+00  5.000000e-01 -5.000000e-01  5.000000e-01 -0.000000e+00  1.000000e+00 -5.000000e-01  1.000000e+00 -0.000000e+00  1.500000e+00 -5.000000e-01  1.500000e+00 -1.000000e+00  1.000000e+00  1.000000e+00 -1.000000e+00 
-2.500000e-01  0.000000e+00  2.500000e-01 -2.500000e-01  2.500000e-01  0.000000e+00  5.000000e-01 -2.500000e-01  5.000000e-01  0.000000e+00  7.500000e-01 -2.500000e-01  7.500000e-01  0.000000e+00  1.000000e+00  0.000000e+00  0.000000e+00 
 8.333333e-02 -0.000000e+00 -8.333333e-02  8.333333e-02 -8.333333e-02 -0.000000e+00 -1.666667e-01  8.333333e-02 -1.666667e-01 -0.000000e+00 -2.500000e-01  8.333333e-02 -2.500000e-01 -0.000000e+00 -3.333333e-01 -3.333333e-01 -0.000000e+00 
-2.500000e-01 -0.000000e+00  2.500000e-01 -2.500000e-01  2.500000e-01 -0.000000e+00  5.000000e-01 -2.500000e-01  5.000000e-01 -0.000000e+00  7.500000e-01 -2.500000e-01  7.500000e-01 -0.000000e+00  1.000000e+00  1.000000e+00 -1.000000e+00 
###############
# Tempo Triangularização: 0.0090332031250000 ms
# Tempo de cálculo do x : 0.0017377068014706 ms
# Tempo de cálculo do y : 0.0016946231617647 ms
# Valores das 17 normas L2 dos resíduos:
0.0000000000e+00 0.0000000000e+00 0.0000000000e+00 0.0000000000e+00 0.0000000000e+00 0.0000000000e+00 0.0000000000e+00 0.0000000000e+00 0.0000000000e+00 0.0000000000e+00 0.0000000000e+00 0.0000000000e+00 0.0000000000e+00 0.0000000000e+00 0.0000000000e+00 0.0000000000e+00 0.0000000000e+00 

Ordem: 17
-7.071100e-01  0.000000e+00  0.000000e+00  1.000000e+00  7.071100e-01  0.000000e+00  0.000000e+00  0.000000e+00  0.000000e+00  0.000000e+00  0.000000e+00  0.000000e+00  0.000000e+00  0.000000e+00  0.000000e+00  0.000000e+00  0.000000e+00 
 0.000000e+00 -1.000000e+00  0.000000e+00  0.000000e+00  0.000000e+00  1.000000e+00  0.000000e+00  0.000000e+00  0.000000e+00  0.000000e+00  0.000000e+00  0.000000e+00  0.000000e+00  0.000000e+00  0.000000e+00  0.000000e+00  0.000000e+00 
 0.000000e+00  0.000000e+00  1.000000e+00  0.000000e+00  0.000000e+00  0.000000e+00  0.000000e+00  0.000000e+00  0.000000e+00  0.000000e+00  0.000000e+00  0.000000e+00  0.000000e+00  0.000000e+00  0.000000e+00  0.000000e+00  0.000000e+00 
 0.000000e+00  0.000000e+00  0.000000e+00 -1.000000e+00  0.000000e+00  0.000000e+00  0.000000e+00  1.000000e+00  0.000000e+00  0.000000e+00  0.000000e+00  0.000000e+00  0.000000e+00  0.000000e+00  0.000000e+00  0.000000e+00  0.000000e+00 
-7.071100e-01  0.000000e+00 -1.000000e+00  0.000000e+00 -7.071100e-01  0.000000e+00  0.000000e+00  0.000000e+00  0.000000e+00  0.000000e+00  0.000000e+00  0.000000e+00  0.000000e+00  0.000000e+00  0.000000e+00  0.000000e+00  0.000000e+00 
 0.000000e+00  0.000000e+00  0.000000e+00  0.000000e+00 -7.071100e-01 -1.000000e+00  0.000000e+00  0.000000e+00  7.071100e-01  1.000000e+00  0.000000e+00  0.000000e+00  0.000000e+00  0.000000e+00  0.000000e+00  0.000000e+00  0.000000e+00 
 0.000000e+00  0.000000e+00  0.000000e+00  0.000000e+00  0.000000e+00  0.000000e+00 -1.000000e+00  0.000000e+00  0.000000e+00  0.000000e+00  0.000000e+00  0.000000e+00  0.000000e+00  0.000000e+00  0.000000e+00  0.000000e+00  0.000000e+00 
 0.000000e+00  0.000000e+00  0.000000e+00  0.000000e+00  0.000000e+00  0.000000e+00  0.000000e+00 -1.000000e+00 -7.071100e-01  0.000000e+00  0.000000e+00  1.000000e+00  7.071100e-01  0.000000e+00  0.000000e+00  0.000000e+00  0.000000e+00 
 0.000000e+00  0.000000e+00  0.000000e+00  0.000000e+00  7.071100e-01  0.000000e+00  1.000000e+00  0.000000e+00  7.071100e-01  0.000000e+00  0.000000e+00  0.000000e+00  0.000000e+00  0.000000e+00  0.000000e+00  0.000000e+00  0.000000e+00 
 0.000000e+00  0.000000e+00  0.000000e+00  0.000000e+00  0.000000e+00  0.000000e+00  0.000000e+00  0.000000e+00  0.000000e+00 -1.000000e+00  0.000000e+00  0.000000e+00  0.000000e+00  1.000000e+00  0.000000e+00  0.000000e+00  0.000000e+00 
 0.000000e+00  0.000000e+00  0.000000e+00  0.000000e+00  0.000000e+00  0.000000e+00  0.000000e+00  0.000000e+00  0.000000e+00  0.000000e+00  1.000000e+00  0.000000e+00  0.000000e+00  0.000000e+00  0.000000e+00  0.000000e+00  0.000000e+00 
 0.000000e+00  0.000000e+00  0.000000e+00  0.000000e+00  0.000000e+00  0.000000e+00  0.000000e+00  0.000000e+00  0.000000e+00  0.000000e+00  0.000000e+00 -1.000000e+00  0.000000e+00  0.000000e+00  0.000000e+00  0.000000e+00  0.000000e+00 
 0.000000e+00  0.000000e+00  0.000000e+00  0.000000e+00  0.000000e+00  0.000000e+00  0.000000e+00  0.000000e+00 -7.071100e-01  0.000000e+00 -1.000000e+00  0.000000e+00 -7.071100e-01  0.000000e+00  0.000000e+00  0.000000e+00  0.000000e+00 
 0.000000e+00  0.000000e+00  0.000000e+00  0.000000e+00  0.000000e+00  0.000000e+00  0.000000e+00  0.000000e+00  0.000000e+00  0.000000e+00  0.000000e+00  0.000000e+00 -7.071100e-01 -1.000000e+00  0.000000e+00  0.000000e+00  1.000000e+00 
 0.000000e+00  0.000000e+00  0.000000e+00  0.000000e+00  0.000000e+00  0.000000e+00  0.000000e+00  0.000000e+00  0.000000e+00  0.000000e+00  0.000000e+00  0.000000e+00  7.071100e-01  0.000000e+00  1.000000e+00  0.000000e+00  0.000000e+00 
 0.000000e+00  0.000000e+00  0.000000e+00  0.000000e+00  0.000000e+00  0.000000e+00  0.000000e+00  0.000000e+00  0.000000e+00  0.000000e+00  0.000000e+00  0.000000e+00  0.000000e+00  0.000000e+00 -1.000000e+00 -7.071100e-01  0.000000e+00 
 0.000000e+00  0.000000e+00  0.000000e+00  0.000000e+00  0.000000e+00  0.000000e+00  0.000000e+00  0.000000e+00  0.000000e+00  0.000000e+00  0.000000e+00  0.000000e+00  0.000000e+00  0.000000e+00  0.000000e+00 -7.071100e-01 -1.000000e+00 
#
-3.535518e-01 -0.000000e+00 -1.060655e+00 -3.535518e-01 -1.060655e+00 -0.000000e+00 -7.071036e-01 -3.535518e-01 -7.071036e-01 -0.000000e+00 -3.535518e-01 -3.535518e-01 -3.535518e-01 -0.000000e+00 -0.000000e+00 -0.000000e+00 -0.000000e+00 
-1.000000e+00 -1.000000e+00  1.000000e+00 -1.000000e+00  1.000000e+00 -1.000000e+00  1.000000e+00 -1.000000e+00  1.000000e+00 -1.000000e+00  1.000000e+00 -1.000000e+00  1.000000e+00 -1.000000e+00  1.000000e+00  1.000000e+00 -1.000000e+00 
 0.000000e+00  0.000000e+00  1.000000e+00  0.000000e+00  0.000000e+00  0.000000e+00  0.000000e+00  0.000000e+00  0.000000e+00  0.000000e+00  0.000000e+00  0.000000e+00  0.000000e+00  0.000000e+00  0.000000e+00  0.000000e+00  0.000000e+00 
 5.000000e-01 -0.000000e+00 -5.000000e-01 -5.000000e-01 -5.000000e-01 -0.000000e+00 -1.000000e+00 -5.000000e-01 -1.000000e+00 -0.000000e+00 -5.000000e-01 -5.000000e-01 -5.000000e-01 -0.000000e+00 -0.000000e+00 -0.000000e+00 -0.000000e+00 
 3.535518e-01  0.000000e+00 -3.535518e-01  3.535518e-01 -3.535518e-01  0.000000e+00  7.071036e-01  3.535518e-01  7.071036e-01  0.000000e+00  3.535518e-01  3.535518e-01  3.535518e-01  0.000000e+00  0.000000e+00  0.000000e+00  0.000000e+00 
-1.000000e+00 -0.000000e+00  1.000000e+00 -1.000000e+00  1.000000e+00 -1.000000e+00  1.000000e+00 -1.000000e+00  1.000000e+00 -1.000000e+00  1.000000e+00 -1.000000e+00  1.000000e+00 -1.000000e+00  1.000000e+00  1.000000e+00 -1.000000e+00 
 0.000000e+00  0.000000e+00  0.000000e+00  0.000000e+00  0.000000e+00  0.000000e+00 -1.000000e+00  0.000000e+00  0.000000e+00  0.000000e+00  2.775558e-17  0.000000e+00  2.775558e-17  0.000000e+00  0.000000e+00  0.000000e+00  0.000000e+00 
 5.000000e-01 -0.000000e+00 -5.000000e-01  5.000000e-01 -5.000000e-01 -0.000000e+00 -1.000000e+00 -5.000000e-01 -1.000000e+00 -0.000000e+00 -5.000000e-01 -5.000000e-01 -5.000000e-01 -0.000000e+00 -0.000000e+00 -0.000000e+00 -0.000000e+00 
-3.535518e-01  0.000000e+00  3.535518e-01 -3.535518e-01  3.535518e-01  0.000000e+00  7.071036e-01 -3.535518e-01  7.071036e-01  0.000000e+00 -3.535518e-01 -3.535518e-01 -3.535518e-01  0.000000e+00  0.000000e+00  0.000000e+00  0.000000e+00 
-5.000000e-01 -0.000000e+00  5.000000e-01 -5.000000e-01  5.000000e-01 -0.000000e+00  1.000000e+00 -5.000000e-01  1.000000e+00 -1.000000e+00  1.500000e+00 -5.000000e-01  1.500000e+00 -1.000000e+00  1.000000e+00  1.000000e+00 -1.000000e+00 
 0.000000e+00  0.000000e+00  0.000000e+00  0.000000e+00  0.000000e+00  0.000000e+00  0.000000e+00  0.000000e+00  0.000000e+00  0.000000e+00  1.000000e+00  0.000000e+00  0.000000e+00  0.000000e+00  0.000000e+00  0.000000e+00  0.000000e+00 
-0.000000e+00 -0.000000e+00 -0.000000e+00 -0.000000e+00 -0.000000e+00 -0.000000e+00 -0.000000e+00 -0.000000e+00 -0.000000e+00 -0.000000e+00 -0.000000e+00 -1.000000e+00 -0.000000e+00 -0.000000e+00 -0.000000e+00 -0.000000e+00 -0.000000e+00 
 3.535518e-01  0.000000e+00 -3.535518e-01  3.535518e-01 -3.535518e-01  0.000000e+00 -7.071036e-01  3.535518e-01 -7.071036e-01  0.000000e+00 -1.060655e+00  3.535518e-01 -1.060655e+00  0.000000e+00  0.000000e+00  0.000000e+00  0.000000e+00 
-5.000000e-01 -0.000000e+00  5.000000e-01 -5.000000e-01  5.000000e-01 -0.000000e+00  1.000000e+00 -5.000000e-01  1.000000e+00 -0.000000e+00  1.500000e+00 -5.000000e-01  1.500000e+00 -1.000000e+00  1.000000e+00  1.000000e+00 -1.000000e+00 
-2.500000e-01  0.000000e+00  2.500000e-01 -2.500000e-01  2.500000e-01  0.000000e+00  5.000000e-01 -2.500000e-01  5.000000e-01  0.000000e+00  7.500000e-01 -2.500000e-01  7.500000e-01  0.000000e+00  1.000000e+00  0.000000e+00  0.000000e+00 
 3.535518e-01 -0.000000e+00 -3.535518e-01  3.535518e-01 -3.535518e-01 -0.000000e+00 -7.071036e-01  3.535518e-01 -7.071036e-01 -0.000000e+00 -1.060655e+00  3.535518e-01 -1.060655e+00 -0.000000e+00 -1.414207e+00 -1.414207e+00 -0.000000e+00 
-2.500000e-01 -0.000000e+00  2.500000e-01 -2.500000e-01  2.500000e-01 -0.000000e+00  5.000000e-01 -2.500000e-01  5.000000e-01 -0.000000e+00  7.500000e-01 -2.500000e-01  7.500000e-01 -0.000000e+00  1.000000e+00  1.000000e+00 -1.000000e+00 
###############
# Tempo Triangularização: 0.0070800781250000 ms
# Tempo de cálculo do x : 0.0023983226102941 ms
# Tempo de cálculo do y : 0.0022690716911765 ms
# Valores das 17 normas L2 dos resíduos:
0.0000000000e+00 0.0000000000e+00 1.5700924587e-16 0.0000000000e+00 1.5700924587e-16 0.0000000000e+00 0.0000000000e+00 0.0000000000e+00 0.0000000000e+00 0.0000000000e+00 1.3018518929e-16 0.0000000000e+00 1.3018518929e-16 0.0000000000e+00 0.0000000000e+00 0.0000000000e+00 0.0000000000e+00 

Ordem: 10
 2.000000e+00  1.000000e+00  7.000000e+00  4.000000e+00 -3.000000e+00 -1.000000e+00  4.000000e+00  4.000000e+00  7.000000e+00  0.000000e+00 
 4.000000e+00  2.000000e+00  2.000000e+00  3.000000e+00 -2.000000e+00  0.000000e+00  3.000000e+00  3.000000e+00  4.000000e+00  1.000000e+00 
 3.000000e+00  4.000000e+00  4.000000e+00  2.000000e+00  1.000000e+00 -2.000000e+00  2.000000e+00  1.000000e+00  9.000000e+00 -3.000000e+00 
 9.000000e+00  3.000000e+00  5.000000e+00  1.000000e+00  0.000000e+00  5.000000e+00  6.000000e+00 -5.000000e+00 -3.000000e+00  4.000000e+00 
 1.000000e+00  6.000000e+00  3.000000e+00  4.000000e+00  8.000000e+00  3.000000e+00 -5.000000e+00  0.000000e+00 -6.000000e+00  0.000000e+00 
 1.000000e+00  9.000000e+00  8.000000e+00  0.000000e+00  3.000000e+00  9.000000e+00  9.000000e+00  0.000000e+00  0.000000e+00  5.000000e+00 
 4.000000e+00  1.000000e+00  9.000000e+00  0.000000e+00  4.000000e+00  3.000000e+00  7.000000e+00 -4.000000e+00  1.000000e+00  3.000000e+00 
 6.000000e+00  3.000000e+00  1.000000e+00  1.000000e+00  6.000000e+00  8.000000e+00  3.000000e+00  3.000000e+00  0.000000e+00  2.000000e+00 
 6.000000e+00  5.000000e+00  0.000000e+00 -7.000000e+00  7.000000e+00 -7.000000e+00  6.000000e+00  2.000000e+00 -6.000000e+00  1.000000e+00 
 2.000000e+00  0.000000e+00  7.000000e+00  0.000000e+00 -5.000000e+00  7.000000e+00  1.000000e+00  0.000000e+00  1.000000e+00  6.000000e+00 
#
 2.413693e-02 -4.056314e-02  4.294136e-02  7.910818e-02 -2.257569e-03 -6.379839e-02 -4.393028e-02  5.010882e-02  2.584682e-02  2.961214e-02 
-7.312164e-02  5.664259e-02  7.353632e-02  1.668119e-02  3.023987e-02  6.905660e-02 -7.252326e-02 -6.208527e-02  1.429561e-02  1.323389e-02 
 1.785358e-01 -2.376365e-01  1.399802e-02  4.243290e-02  2.557536e-02 -1.796745e-02 -3.060472e-02  7.550801e-03  2.593071e-02  4.175300e-02 
-3.339213e-02  2.401408e-01 -9.165527e-02 -1.587082e-02  5.309702e-02  3.223294e-03  7.710338e-02 -4.622157e-02 -6.373728e-02 -9.047825e-02 
-1.211967e-01  1.504531e-01 -7.245134e-03 -1.121363e-01  2.877513e-02 -2.037784e-02  1.452181e-01  2.243256e-02 -3.217239e-03 -1.650938e-02 
 9.697516e-02 -2.194454e-01  1.593348e-02  6.785681e-02 -3.037424e-02  2.272189e-02 -9.137233e-02  9.489111e-02 -2.818824e-02 -8.779637e-04 
 8.496071e-02 -2.861764e-02 -7.237410e-02  3.801588e-02 -5.570917e-02  5.403299e-02  2.841201e-03  1.260682e-02 -8.996040e-03 -1.059124e-01 
 1.510536e-01 -9.186257e-02 -5.088468e-02 -2.042670e-02 -1.314794e-03 -4.596542e-03 -7.841399e-02  7.577990e-02  3.956447e-02  1.466929e-02 
-1.860009e-01  2.058872e-01  8.520702e-02 -1.067648e-01 -1.901333e-02 -9.248327e-03  1.018252e-01 -1.392283e-02 -2.180982e-02  4.453573e-02 
-4.136323e-01  6.426159e-01 -5.741030e-02 -2.370295e-01  4.278425e-02 -8.726359e-03  2.605207e-01 -1.173054e-01 -3.528540e-03  1.055800e-01 
###############
# Tempo Triangularização: 0.0041503906250000 ms
# Tempo de cálculo do x : 0.0043701171875000 ms
# Tempo de cálculo do y : 0.0040527343750000 ms
# Valores das 10 normas L2 dos resíduos:
6.7986997776e-16 1.4936523182e-15 5.2470152044e-16 7.6315215729e-16 2.1942709179e-16 5.4204487829e-16 5.8747480460e-16 4.6959448318e-16 3.6647983659e-16 6.1845750618e-16 

Ordem: 10
 4.000000e+00 -1.000000e+00  0.000000e+00 -1.000000e+00  0.000000e+00  0.000000e+00  0.000000e+00  0.000000e+00  0.000000e+00  0.000000e+00 
-1.000000e+00  4.000000e+00 -1.000000e+00  0.000000e+00 -1.000000e+00  0.000000e+00  0.000000e+00  0.000000e+00  0.000000e+00  0.000000e+00 
 0.000000e+00 -1.000000e+00  4.000000e+00  0.000000e+00  0.000000e+00 -1.000000e+00  0.000000e+00  0.000000e+00  0.000000e+00  0.000000e+00 
-1.000000e+00  0.000000e+00  0.000000e+00  4.000000e+00 -1.000000e+00  0.000000e+00  0.000000e+00  0.000000e+00  0.000000e+00  0.000000e+00 
 0.000000e+00 -1.000000e+00  0.000000e+00 -1.000000e+00  4.000000e+00 -1.000000e+00 -1.000000e+00  0.000000e+00  0.000000e+00  0.000000e+00 
 0.000000e+00  0.000000e+00 -1.000000e+00  0.000000e+00 -1.000000e+00  4.000000e+00  0.000000e+00 -1.000000e+00  0.000000e+00  0.000000e+00 
 0.000000e+00  0.000000e+00  0.000000e+00  0.000000e+00 -1.000000e+00  0.000000e+00  4.000000e+00 -1.000000e+00  0.000000e+00  0.000000e+00 
 0.000000e+00  0.000000e+00  0.000000e+00  0.000000e+00  0.000000e+00 -1.000000e+00 -1.000000e+00  4.000000e+00 -1.000000e+00  0.000000e+00 
 0.000000e+00  0.000000e+00  0.000000e+00  0.000000e+00  0.000000e+00  0.000000e+00  0.000000e+00 -1.000000e+00  4.000000e+00 -1.000000e+00 
 0.000000e+00  0.000000e+00  0.000000e+00  0.000000e+00  0.000000e+00  0.000000e+00  0.000000e+00  0.000000e+00 -1.000000e+00  4.000000e+00 
#
 2.958719e-01  9.548611e-02  2.993827e-02  8.800154e-02  5.613426e-02  2.426698e-02  1.678241e-02  1.099537e-02  2.932099e-03  7.330247e-04 
 9.548611e-02  3.281250e-01  9.722222e-02  5.381944e-02  1.197917e-01  6.076389e-02  3.645833e-02  2.604167e-02  6.944444e-03  1.736111e-03 
 2.993827e-02  9.722222e-02  2.987654e-01  2.253086e-02  6.018519e-02  9.783951e-02  2.314815e-02  3.240741e-02  8.641975e-03  2.160494e-03 
 8.800154e-02  5.381944e-02  2.253086e-02  2.981867e-01  1.047454e-01  3.630401e-02  3.067130e-02  1.793981e-02  4.783951e-03  1.195988e-03 
 5.613426e-02  1.197917e-01  6.018519e-02  1.047454e-01  3.628472e-01  1.209491e-01  1.059028e-01  6.076389e-02  1.620370e-02  4.050926e-03 
 2.426698e-02  6.076389e-02  9.783951e-02  3.630401e-02  1.209491e-01  3.305941e-01  5.613426e-02  1.035880e-01  2.762346e-02  6.905864e-03 
 1.678241e-02  3.645833e-02  2.314815e-02  3.067130e-02  1.059028e-01  5.613426e-02  3.003472e-01  9.548611e-02  2.546296e-02  6.365741e-03 
 1.099537e-02  2.604167e-02  3.240741e-02  1.793981e-02  6.076389e-02  1.035880e-01  9.548611e-02  3.211806e-01  8.564815e-02  2.141204e-02 
 2.932099e-03  6.944444e-03  8.641975e-03  4.783951e-03  1.620370e-02  2.762346e-02  2.546296e-02  8.564815e-02  2.895062e-01  7.237654e-02 
 7.330247e-04  1.736111e-03  2.160494e-03  1.195988e-03  4.050926e-03  6.905864e-03  6.365741e-03  2.141204e-02  7.237654e-02  2.680941e-01 
###############
# Tempo Triangularização: 0.0019531250000000 ms
# Tempo de cálculo do x : 0.0047851562500000 ms
# Tempo de cálculo do y : 0.0042480468750000 ms
# Valores das 10 normas L2 dos resíduos:
7.0550494114e-17 1.2301428753e-16 6.5543227223e-17 1.1578081239e-16 1.4022586545e-16 8.0491917007e-17 2.3801139417e-17 2.2355733505e-16 5.8986975498e-17 1.1108686995e-16 

Ordem: 5
 3.101528e+01  2.386685e+01  1.772601e+01  4.433918e+00  1.106521e+01 
 8.730466e+00  2.688689e+01  2.791406e+01  1.669397e+00  2.340525e+01 
 2.646015e+01  6.464572e+00  2.263074e+01  2.128939e+01  2.535821e+01 
 2.431381e+00  2.624570e+01  1.781533e+01  1.947622e+01  2.029952e+00 
 2.490545e+01  2.215234e+00  9.002744e+00  1.856987e+01  4.222018e+00 
#
 2.466398e-02 -5.276541e-03 -8.136183e-03 -1.684004e-02  2.157501e-02 
 9.473370e-02 -1.133595e-01  8.795817e-02  6.141513e-02 -1.776808e-01 
-1.752355e-01  2.688095e-01 -2.264967e-01 -9.176803e-02  3.735891e-01 
 2.022088e-02 -7.786193e-02  7.226435e-02  5.029282e-02 -7.957262e-02 
 8.952495e-02 -1.401237e-01  1.669675e-01  4.158978e-02 -2.438182e-01 
###############
# Tempo Triangularização: 0.0009765625000000 ms
# Tempo de cálculo do x : 0.0100097656250000 ms
# Tempo de cálculo do y : 0.0084960937500000 ms
# Valores das 5 normas L2 dos resíduos:
5.2369115333e-16 1.8038988980e-15 9.2222050695e-16 7.8504622934e-16 3.0611770183e-15 

Ordem: 5
 2.431381e+00  2.624570e+01  1.781533e+01  1.947622e+01  2.029952e+00 
 8.730466e+00  2.688689e+01  2.791406e+01  1.669397e+00  2.340525e+01 
 2.646015e+01  6.464572e+00  2.263074e+01  2.128939e+01  2.535821e+01 
 3.101528e+01  2.386685e+01  1.772601e+01  4.433918e+00  1.106521e+01 
 2.490545e+01  2.215234e+00  9.002744e+00  1.856987e+01  4.222018e+00 
#
-1.684004e-02 -5.276541e-03 -8.136183e-03  2.466398e-02  2.157501e-02 
 6.141513e-02 -1.133595e-01  8.795817e-02  9.473370e-02 -1.776808e-01 
-9.176803e-02  2.688095e-01 -2.264967e-01 -1.752355e-01  3.735891e-01 
 5.029282e-02 -7.786193e-02  7.226435e-02  2.022088e-02 -7.957262e-02 
 4.158978e-02 -1.401237e-01  1.669675e-01  8.952495e-02 -2.438182e-01 
###############
# Tempo Triangularização: 0.0009765625000000 ms
# Tempo de cálculo do x : 0.0102050781250000 ms
# Tempo de cálculo do y : 0.0086914062500000 ms
# Valores das 5 normas L2 dos resíduos:
7.8504622934e-16 1.8038988980e-15 9.2222050695e-16 5.2369115333e-16 3.0611770183e-15 

Ordem: 5
 4.814454e+02  2.702770e+01  5.257203e+00  1.682721e+00  1.364933e+01 
 2.336107e+01  7.054772e+02  1.213167e+01  5.736001e+00  1.409851e+01 
 1.118456e+01  2.932786e+01  5.682916e+02  1.348893e+01  2.252190e+01 
 1.223150e+01  1.050283e+00  3.457890e+00  5.356379e+02  1.656885e+01 
 1.658388e+01  4.055724e+00  2.002431e+01  6.086657e+00  8.652282e+02 
#
 2.082485e-03 -7.891263e-05 -1.645640e-05 -4.929950e-06 -3.104344e-05 
-6.721610e-05  1.421399e-03 -2.889345e-05 -1.404305e-05 -2.107968e-05 
-3.490003e-05 -7.165301e-05  1.763302e-03 -4.303548e-05 -4.335654e-05 
-4.600730e-05 -4.145968e-07 -9.704538e-06  1.867721e-03 -3.478113e-05 
-3.846868e-05 -3.489019e-06 -4.028965e-05 -1.198263e-05  1.157706e-03 
###############
# Tempo Triangularização: 0.0000000000000000 ms
# Tempo de cálculo do x : 0.0102050781250000 ms
# Tempo de cálculo do y : 0.0089355468750000 ms
# Valores das 5 normas L2 dos resíduos:
1.2521009607e-17 2.2214923196e-16 2.2216649128e-16 1.1103914258e-16 2.2209880842e-16 

Ordem: 15
 4.226985e+03  2.354837e+01  1.346802e+01  8.466720e+00  1.407027e+01  2.569952e+01  9.517002e+00  1.752816e+01  2.331234e+01  2.608586e+01  2.112038e+00  2.736806e+01  1.411017e+01  8.198695e+00  1.505229e+01 
 1.429390e+01  3.459142e+03  2.260012e+01  5.514392e+00  4.221368e+00  1.446636e+01  1.319892e+01  2.623360e+01  1.158980e+01  2.256617e+01  2.989517e+01  7.430588e-02  2.623650e+01  1.368841e+01  2.629482e+01 
 1.200533e+01  8.666202e+00  4.847668e+03  2.547336e+01  1.713292e+01  3.191345e+01  1.917288e+01  2.664992e+01  1.744161e+01  1.048521e+01  2.073578e+01  1.955365e+01  5.853276e+00  2.845946e+00  2.775234e+01 
 2.090556e+01  1.713984e+01  4.989179e+00  4.280304e+03  2.265424e+01  9.210546e+00  2.597203e+01  3.853158e+00  3.444149e+00  5.561830e+00  2.641933e+01  1.339320e+00  5.636136e+00  2.065582e+01  1.502773e+01 
 3.193095e+01  6.611577e-01  2.369393e+01  1.777414e+01  5.487522e+03  8.826851e+00  1.768759e+01  1.330739e+01  3.476775e+00  3.129205e+00  2.379260e+01  2.421255e+01  2.268285e+01  2.964588e+01  2.705850e+01 
 1.843520e+01  1.855144e+01  1.219835e+01  2.342438e+01  3.005712e+01  4.504215e+03  6.349219e-01  2.402916e+01  6.705741e+00  4.079071e+00  2.959099e+01  1.125067e+00  5.418390e+00  3.227122e+00  2.178089e+01 
 2.044612e+01  3.158075e+00  2.244205e+01  1.214005e+01  2.093221e+01  1.657656e+01  5.807740e+03  6.619809e+00  2.988395e+01  2.444367e+01  9.749014e+00  2.167656e+01  1.665623e+01  4.318670e-01  1.932244e+01 
